Routers: 8
Computadoras: 5
    Origen    Destino   Ancho de banda
*      0        1             16
*      0        2             10
*      0        3              5     
*      1        0             16
*      1        2              2
*      1        5              4
*      1        6              6 
*      2        0             10
*      2        1              2
*      2        3              4
*      2        4             10
*      2        5             12
*      3        0              5
*      3        2              4
*      3        4             15
*      4        2             10
*      4        3             15
*      4        5              3
*      4        7              5
*      5        1              4
*      5        2             12
*      5        4              3
*      5        6              8
*      5        7             16
*      6        1              6 
*      6        5              8
*      6        7              7
*      7        4              5
*      7        5             16
*      7        6              7
     